Position: (-0.349217, 0.806116, -0.278635)
Size: (0.103019, 0.134414, 0.450975)

Position: (0.71527, -0.819255, -0.944648)
Size: (0.156457, 0.150091, 0.233745)

Position: (-0.543207, -0.0967062, 0.799041)
Size: (0.0728951, 0.141782, 0.460582)

Position: (-0.267596, -0.884704, -0.198034)
Size: (0.23869, 0.17693, 0.191027)

Position: (-0.579502, -0.450591, -0.304172)
Size: (0.100118, 0.125577, 0.350111)

Position: (0.528998, 0.619642, 0.819481)
Size: (0.0116306, 0.235712, 0.0698224)

Position: (0.618499, -0.53936, -0.220348)
Size: (0.143027, 0.196315, 0.00498932)

Position: (0.348253, 0.687977, 0.199777)
Size: (0.280197, 0.29622, 0.492432)

Position: (0.564695, -0.732386, -0.428514)
Size: (0.044653, 0.260395, 0.164484)

Position: (0.218744, 0.0461461, -0.10071)
Size: (0.116946, 0.0256846, 0.142226)

Position: (-0.513249, 0.979274, -0.506148)
Size: (0.0348068, 0.227458, 0.406796)

Position: (-0.067927, 0.178093, -0.199781)
Size: (0.138239, 0.191322, 0.467425)

Position: (0.880691, -0.654497, -0.298602)
Size: (0.28485, 0.224037, 0.0508175)

Position: (0.167313, -0.672492, -0.192838)
Size: (0.110051, 0.1797, 0.30342)

Position: (-0.621217, 0.588021, -0.0465252)
Size: (0.0562913, 0.261373, 0.127367)

Position: (0.623054, -0.540785, 0.0959417)
Size: (0.0396148, 0.0843882, 0.0348087)

Position: (0.691632, -0.712254, -0.319177)
Size: (0.258595, 0.182331, 0.496889)

Position: (0.206267, 0.589714, -0.426648)
Size: (0.00145632, 0.174307, 0.114985)

Position: (0.861334, -0.10547, -0.154659)
Size: (0.207747, 0.163734, 0.330154)

Position: (0.71382, 0.618205, 0.170842)
Size: (0.0962579, 0.029865, 0.134081)

Position: (-0.719088, 0.595946, -0.0756699)
Size: (0.00297043, 0.271551, 0.476698)

Position: (0.459884, -0.635342, -0.535679)
Size: (0.190218, 0.0596134, 0.0677159)

Position: (0.846591, -0.645831, 0.568065)
Size: (0.0544479, 0.00593117, 0.215752)

Position: (-0.69229, -0.677909, 0.854995)
Size: (0.293562, 0.1252, 0.421662)

Position: (-0.717818, -0.183531, 0.711855)
Size: (0.290988, 0.0884822, 0.485178)

Position: (0.764801, -0.0646174, 0.245467)
Size: (0.198259, 0.246709, 0.148904)

Position: (-0.311905, 0.924415, -0.97877)
Size: (0.0349821, 0.0378738, 0.426339)

Position: (-0.527477, -0.782342, -0.864027)
Size: (0.230059, 0.105856, 0.246266)

Position: (-0.493677, 0.327558, 0.654369)
Size: (0.180105, 0.0534702, 0.380033)

Position: (-0.686328, -0.210841, -0.285294)
Size: (0.0887567, 0.0683859, 0.328515)

Position: (-0.39392, 0.359092, 0.716716)
Size: (0.155972, 0.169092, 0.489485)

Position: (0.0416293, -0.364193, -0.176984)
Size: (0.00189414, 0.287679, 0.000378928)